"","q1","q2","q3","q4","q5","q6","q7","q8","q9","q10","q11"
"q1",1,0.737911928820416,0.600594973951603,0.679706027740619,0.537032091829346,0.61753002553099,0.581923253678354,0.697679393822627,0.598112220602805,0.639814447092815,0.631122873880054
"q2",0.737911928820416,1,0.713903929521355,0.658997189796156,0.651843033441572,0.628372435307019,0.613915586621321,0.69871719427205,0.626335282591776,0.61607914940671,0.622197068881224
"q3",0.600594973951603,0.713903929521355,1,0.754288645666611,0.789967315542269,0.734425061997803,0.730717392350144,0.714394983029572,0.700026548780043,0.66093698141241,0.686265454237342
"q4",0.679706027740619,0.658997189796156,0.754288645666611,1,0.698016467102671,0.700097704419199,0.683636056972403,0.754983631844863,0.70133594082971,0.629054570021187,0.646307421145958
"q5",0.537032091829346,0.651843033441572,0.789967315542269,0.698016467102671,1,0.723739648145251,0.817893553244487,0.694697387476818,0.657224558457934,0.573124285514237,0.629462827429722
"q6",0.61753002553099,0.628372435307019,0.734425061997803,0.700097704419199,0.723739648145251,1,0.762200168110013,0.681432126965891,0.666041038303452,0.613691589173957,0.589311466647463
"q7",0.581923253678354,0.613915586621321,0.730717392350144,0.683636056972403,0.817893553244487,0.762200168110013,1,0.758296645050041,0.644171628215244,0.597767418412462,0.601109912413734
"q8",0.697679393822627,0.69871719427205,0.714394983029572,0.754983631844863,0.694697387476818,0.681432126965891,0.758296645050041,1,0.840870840677703,0.754421793970119,0.708355908672725
"q9",0.598112220602805,0.626335282591776,0.700026548780043,0.70133594082971,0.657224558457934,0.666041038303452,0.644171628215244,0.840870840677703,1,0.802665426121613,0.752763015954452
"q10",0.639814447092815,0.61607914940671,0.66093698141241,0.629054570021187,0.573124285514237,0.613691589173957,0.597767418412462,0.754421793970119,0.802665426121613,1,0.796379959159236
"q11",0.631122873880054,0.622197068881224,0.686265454237342,0.646307421145958,0.629462827429722,0.589311466647463,0.601109912413734,0.708355908672725,0.752763015954452,0.796379959159236,1
